666666 or 66666666. 6666

18, 24. 1666616166 66146, 8. 661166 16616,
› (666 velitum) 161166 61 aulici 6666616666, 1116661666
oro, ’11666811ήῦ66ουί6 16· 1666166 criminantur 46, 18. 6166
6116, despondetur 92, 23. elogium 46, 11. patriarchatu di·
6161661666668666 687, 13, [6166166661 oblatum 1161166666 6666-
666 externi: 661666616622, 6615611. libri 661611661696616

ob 66 66616111 , 15. 11166666
do 6661611616 6666616616661· 1159, 12- 17. 1176, 6.
66 1111616616 166616 616166 11166166 1165, 8.
7³, 9. 1116 et 116, 8. 394, 3166166 (oliuo. Angelos) 1260, 9.
8666611116 6661611116 comprehensi
166166 616666666166661611, 714, 20.
866668166616666616 676, 11.
19, 18. 1286, 23. Boeoti 209, 14. 752, 12.
novt} (2611161616 1766616166) Boeotio 114, 5. 250, 6. 251, 15.
37. 1171118666. Boeotiae 6111666666 666166, dicon·
6166 11616666, 1161616666, 111 Magno· 1661666219, 6 posteo
66 Dux 220, 15. 66ρί166 6 66666116666239, 18.
66616661161616661161166227, 1161166166 124618.
66661 con 1166616616, 6661- Bono contingendo 933, 24.
232, 16 Bondelmontiuo 1220, 28. 1221, 4.
611166661661666116161310, Βθψώθῦῑῑῡθ 36» ¹4·
8666166666 101, 22. Maeotim 688,
668661166161616661661284,1. 18. .
a 66, 10. 661, 10. 6561. 6661669666
20. 666, 16. 666, 19. 669, 1. 66666111117116115.
:to octale 795, 5. 6166 66816 Britanni 16 (161116616666 689,2.
commum& Contocmno 11ῐὶ1166116 1111166111 911, 1.
1. 3666616666 1173, 42.
66666 legati, 06616 iniquo 1166166 178, 9. Bruti 61 066611666-
111113111ὲὸ ⁰⁴¹⁹ nffflm⁰⁰sso⁴ffc⁰0ssss⁵lrfi⁸f⁸⁸ff⁵3³²xss
· 6
11111, 6. 1158, 15. 1158, 18.
666 Regia 1275, 42. 116166 fluv. 26, 19.
1248, 16. 11616661 116, 8. por interregnum di·-
66666666 974, 9, 61661457, 17. hooc ’166666 890,
milite· 83,13 equita 111, 10. 3616666666 otigo, 61666116,
66661864, 8, 61 666161661666 26, 20. 666 60, 3.
o 171, 2 174, 2. 214, 23 616 werdon, Byzantio 6661666166 418,
odii· 666116 torem· 166666 4. uulgum· 16 ’11666166 irrumpit
18. 55,236161166611666616 impar, 611616 “
66 666 66611166 458, 16. 66- mooun, 6166666116 66615613.
101,19. aad· 6686666384 nogaria 6616, quo 6116166 16611-
61666 26, 10. 6686 66666 666666·
11161666) 1224, 2. 1251, 85. 61127, 8 tim 66816 666161 1666-
,31127112 1272, 6. mo Ro· ingmgorenwinemntffioo·
6666 66 .
6616. now-3.. 666666..
orbo 836, 5. Dounion (166661) 1167, 5. .
66, o. 6.,6. 66. ..6
16. 791, 17. veum, 1611661666 1661666 sum
11616111·’120211ήῐιε ffiosszeffissnfflfffffiss
· 6
1166(Ν166616666) 11166αεί666 666616 6666166 61166661, 61 616-
16666166161611 campet 1666 683,18. 1666161616·

 

